FID = 88.17762825267897
FID_disc = 81.51238740644845